{
 "cells": [
  {
   "cell_type": "markdown",
   "metadata": {},
   "source": [
    "# Convert model file to different format\n",
    "\n",
    "+ simple json file\n",
    "+ dannce file (matlab), see https://github.com/diegoaldarondo/Label3D\n",
    "+ anipose (or deeplabcut) file (toml), see https://anipose.readthedocs.io/en/latest/aniposelib-tutorial.html\n"
   ]
  },
  {
   "cell_type": "code",
   "execution_count": 1,
   "metadata": {},
   "outputs": [
    {
     "name": "stdout",
     "output_type": "stream",
     "text": [
      "{0: {'K': [[874.9999200030006, 0.0, 640.0000515120877], [0.0, 875.0000770005869, 400.0000636580918], [0.0, 0.0, 1.0]], 'dist': [-0.004901498838744064, -0.007900739265394413, -9.999680759887545e-05, -9.823179988734023e-05, 9.926452078731787e-05], 'R': [[-0.8048126292634477, -0.5921431663446958, -0.04053519864678513], [-0.08152607440776426, 0.17793740026070773, -0.9806588503552702], [0.5879031646195791, -0.7859419521438836, -0.19148137478758948]], 't': [12.338061558863458, 56.32026485574429, 569.7169061309886]}, 1: {'K': [[1136.0000880764544, 0.0, 639.9999509257227], [0.0, 1136.0000010695148, 400.00001097019685], [0.0, 0.0, 1.0]], 'dist': [0.04995644335318534, -0.09508694897648856, -9.688743767497704e-05, 6.428759983304283e-05, -9.168389248590336e-05], 'R': [[0.46311060806536825, -0.8859013082255889, 0.026597683762222196], [-0.5808088128856043, -0.326016082923469, -0.7459052463615288], [0.6694697062390051, 0.32998846307019286, -0.6655207935660853]], 't': [-51.74035501866048, 17.8042522614693, 912.2081923642108]}, 2: {'K': [[875.000067471731, 0.0, 640.000084307632], [0.0, 874.9999000216924, 399.9999215989325], [0.0, 0.0, 1.0]], 'dist': [-0.005096919388426204, -0.008096684596830208, 0.000100000000999983, -9.999992705793231e-05, -9.681766512899487e-05], 'R': [[-0.1559462810810026, 0.9875535959020567, -0.020461002857192805], [0.22742306942229942, 0.015739440347000807, -0.9736688438643308], [-0.9612281232421077, -0.15649333927832296, -0.22704697718748593]], 't': [16.37794301850454, 40.80018083935629, 580.9903851596856]}, 3: {'K': [[1136.0000570169796, 0.0, 639.9999849121691], [0.0, 1136.0000213386509, 399.99997624103406], [0.0, 0.0, 1.0]], 'dist': [0.04990001812650732, -0.09509909805548503, 9.69782223461049e-05, 9.706346129891022e-05, -9.907680275819095e-05], 'R': [[0.498299816538019, 0.8664871848460968, 0.02995415389662619], [0.5960794537401436, -0.3172960209179405, -0.7375720438970648], [-0.6295923900961864, 0.38538706984942844, -0.6746037568275495]], 't': [-27.365146499472722, 4.922170293156867, 936.756848706]}, 4: {'K': [[875.0000980791456, 0.0, 640.0000321348155], [0.0, 875.0000930368908, 400.00007551442724], [0.0, 0.0, 1.0]], 'dist': [-0.004981182321026117, -0.008084186392068277, -0.0001000000006888165, -9.387388240047163e-05, -9.355432275466794e-05], 'R': [[0.9348067283288436, -0.3550245902378249, 0.009691284620094403], [-0.06609247223836831, -0.2007076048023726, -0.977419174401605], [0.34895295640607993, 0.9130574996685363, -0.21108727227025592]], 't': [-6.489193921194742, 50.89273226301018, 566.8524812662006]}, 5: {'K': [[1136.000097592331, 0.0, 639.9999775663424], [0.0, 1135.9999010917875, 399.99999177077257], [0.0, 0.0, 1.0]], 'dist': [0.049911807933441, -0.0950946744736035, 9.999067899683312e-05, 8.56664576728456e-05, -8.933941240680241e-05], 'R': [[-0.4559857368914414, 0.8898015695682039, 0.018170705697083758], [0.5967554331348784, 0.3208315248802867, -0.7354930901558444], [-0.6602726412441854, -0.32453089134464647, -0.6772885203423102]], 't': [-72.07227433524771, 6.37609972877182, 931.4458745832807]}, 6: {'K': [[1135.9999009413455, 0.0, 639.9999708652579], [0.0, 1136.0000999913136, 399.9999630175709], [0.0, 0.0, 1.0]], 'dist': [0.04991211842230321, -0.09509456678936924, 9.983874509259147e-05, 9.781713536044233e-05, -9.549755133729462e-05], 'R': [[-0.49601317416164387, -0.8681316332223536, 0.01784372317593547], [-0.5844763890361192, 0.31860634958789136, -0.7462421488106774], [0.6421512919222303, -0.3805751718136208, -0.6654353889609743]], 't': [-47.92369778095532, 26.11106795909174, 919.9240308732851]}, 7: {'K': [[874.9999498884317, 0.0, 640.0000808835554], [0.0, 874.999950802406, 400.00000835206595], [0.0, 0.0, 1.0]], 'dist': [-0.0050439374666181, -0.007986920823612648, -2.9626196570179493e-05, -9.999890241350002e-05, 5.206546975707653e-05], 'R': [[-0.950074591002384, 0.31201973212133477, -0.001399392219285942], [0.08217945011107611, 0.2458981230092581, -0.9658057004801565], [-0.30100632802500016, -0.9177024571545259, -0.25926316865581167]], 't': [19.82575906243514, 24.909455935662816, 543.4327471332477]}, 8: {'K': [[875.0000980000626, 0.0, 640.0000952570564], [0.0, 875.0000618778475, 400.0000714006667], [0.0, 0.0, 1.0]], 'dist': [-0.004901621674847762, -0.007909383502842022, -9.999556827373285e-05, -0.0001000000009998048, 6.509456009988438e-05], 'R': [[0.7537159821673364, 0.6571663283988506, 0.0066809463626871105], [0.158933384035986, -0.17240071829443657, -0.9721204512664219], [-0.6376930277683744, 0.7337645461252107, -0.23438684516257893]], 't': [6.614159496595527, 32.72748951038425, 569.073834208407]}}\n"
     ]
    }
   ],
   "source": [
    "import pickle\n",
    "from base_fun import convert_json, convert_dannce, convert_anipose\n",
    "\n",
    "calibpkl = 'multiview_with_world_axes.calibpkl'\n",
    "ba_poses = pickle.load(open(calibpkl, 'rb'))['ba_poses']\n",
    "\n",
    "print(ba_poses)\n"
   ]
  },
  {
   "cell_type": "markdown",
   "metadata": {},
   "source": [
    "Convert to simple json file"
   ]
  },
  {
   "cell_type": "code",
   "execution_count": 2,
   "metadata": {},
   "outputs": [
    {
     "name": "stdout",
     "output_type": "stream",
     "text": [
      "json : multiview_with_world_axes_json.json\n"
     ]
    }
   ],
   "source": [
    "out_file_path = convert_json(calibpkl)"
   ]
  },
  {
   "cell_type": "markdown",
   "metadata": {},
   "source": [
    "Convert to dannce file"
   ]
  },
  {
   "cell_type": "code",
   "execution_count": 3,
   "metadata": {},
   "outputs": [
    {
     "name": "stdout",
     "output_type": "stream",
     "text": [
      "DANNCE : multiview_with_world_axes_dannce.mat\n"
     ]
    }
   ],
   "source": [
    "out_file_path = convert_dannce(calibpkl)"
   ]
  },
  {
   "cell_type": "markdown",
   "metadata": {},
   "source": [
    "Convert to anipose / deeplabcut file"
   ]
  },
  {
   "cell_type": "code",
   "execution_count": 4,
   "metadata": {},
   "outputs": [
    {
     "name": "stdout",
     "output_type": "stream",
     "text": [
      "DEEPLABCUT / ANIPOSE : multiview_with_world_axes_anipose.toml\n"
     ]
    }
   ],
   "source": [
    "out_file_path = convert_anipose(calibpkl)"
   ]
  }
 ],
 "metadata": {
  "kernelspec": {
   "display_name": "mmdet",
   "language": "python",
   "name": "python3"
  },
  "language_info": {
   "codemirror_mode": {
    "name": "ipython",
    "version": 3
   },
   "file_extension": ".py",
   "mimetype": "text/x-python",
   "name": "python",
   "nbconvert_exporter": "python",
   "pygments_lexer": "ipython3",
   "version": "3.7.16"
  }
 },
 "nbformat": 4,
 "nbformat_minor": 2
}
