[cam_0]
name = "cam_0"
size = [ 1280, 800,]
matrix = [ [ 874.9999200030006, 0.0, 640.0000515120877,], [ 0.0, 875.0000770005869, 400.0000636580918,], [ 0.0, 0.0, 1.0,],]
distortions = [ -0.004901498838744064, -0.007900739265394413, -9.999680759887545e-5, -9.823179988734023e-5,]
translation = [ 12.338061558863458, 56.32026485574429, 569.7169061309886,]
rotation = [ 0.6341058245871978, -2.0465425969791013, 1.6628514274065729,]
fisheye = true

[cam_1]
name = "cam_1"
size = [ 1280, 800,]
matrix = [ [ 1136.0000880764544, 0.0, 639.9999509257227,], [ 0.0, 1136.0000010695148, 400.00001097019685,], [ 0.0, 0.0, 1.0,],]
distortions = [ 0.04995644335318534, -0.09508694897648856, -9.688743767497704e-5, 6.428759983304283e-5,]
translation = [ -51.74035501866048, 17.8042522614693, 912.2081923642108,]
rotation = [ 2.0356524456710328, -1.2163506425737656, 0.5772524542621945,]
fisheye = true

[cam_2]
name = "cam_2"
size = [ 1280, 800,]
matrix = [ [ 875.000067471731, 0.0, 640.000084307632,], [ 0.0, 874.9999000216924, 399.9999215989325,], [ 0.0, 0.0, 1.0,],]
distortions = [ -0.005096919388426204, -0.008096684596830208, 0.000100000000999983, -9.999992705793231e-5,]
translation = [ 16.37794301850454, 40.80018083935629, 580.9903851596856,]
rotation = [ 1.3007939172690643, 1.4975291609889798, -1.209988747369912,]
fisheye = true

[cam_3]
name = "cam_3"
size = [ 1280, 800,]
matrix = [ [ 1136.0000570169796, 0.0, 639.9999849121691,], [ 0.0, 1136.0000213386509, 399.99997624103406,], [ 0.0, 0.0, 1.0,],]
distortions = [ 0.04990001812650732, -0.09509909805548503, 9.69782223461049e-5, 9.706346129891022e-5,]
translation = [ -27.365146499472722, 4.922170293156867, 936.756848706,]
rotation = [ 2.038092094361287, 1.1970307562582507, -0.4907710817560803,]
fisheye = true

[cam_4]
name = "cam_4"
size = [ 1280, 800,]
matrix = [ [ 875.0000980791456, 0.0, 640.0000321348155,], [ 0.0, 875.0000930368908, 400.00007551442724,], [ 0.0, 0.0, 1.0,],]
distortions = [ -0.004981182321026117, -0.008084186392068277, -0.0001000000006888165, -9.387388240047163e-5,]
translation = [ -6.489193921194742, 50.89273226301018, 566.8524812662006,]
rotation = [ 1.763285827016763, -0.31643622252281023, 0.26949282983825595,]
fisheye = true

[cam_5]
name = "cam_5"
size = [ 1280, 800,]
matrix = [ [ 1136.000097592331, 0.0, 639.9999775663424,], [ 0.0, 1135.9999010917875, 399.99999177077257,], [ 0.0, 0.0, 1.0,],]
distortions = [ 0.049911807933441, -0.0950946744736035, 9.999067899683312e-5, 8.56664576728456e-5,]
translation = [ -72.07227433524771, 6.37609972877182, 931.4458745832807,]
rotation = [ 1.3146480663972977, 2.1703072370074805, -0.9374403235667429,]
fisheye = true

[cam_6]
name = "cam_6"
size = [ 1280, 800,]
matrix = [ [ 1135.9999009413455, 0.0, 639.9999708652579,], [ 0.0, 1136.0000999913136, 399.9999630175709,], [ 0.0, 0.0, 1.0,],]
distortions = [ 0.04991211842230321, -0.09509456678936924, 9.983874509259147e-5, 9.781713536044233e-5,]
translation = [ -47.92369778095532, 26.11106795909174, 919.9240308732851,]
rotation = [ 1.29044965370971, -2.203200005953757, 1.0010278057895725,]
fisheye = true

[cam_7]
name = "cam_7"
size = [ 1280, 800,]
matrix = [ [ 874.9999498884317, 0.0, 640.0000808835554,], [ 0.0, 874.999950802406, 400.00000835206595,], [ 0.0, 0.0, 1.0,],]
distortions = [ -0.0050439374666181, -0.007986920823612648, -2.9626196570179493e-5, -9.999890241350002e-5,]
translation = [ 19.82575906243514, 24.909455935662816, 543.4327471332477,]
rotation = [ 0.37279374879064875, 2.321913971717175, -1.7812316681784135,]
fisheye = true

[cam_8]
name = "cam_8"
size = [ 1280, 800,]
matrix = [ [ 875.0000980000626, 0.0, 640.0000952570564,], [ 0.0, 875.0000618778475, 400.0000714006667,], [ 0.0, 0.0, 1.0,],]
distortions = [ -0.004901621674847762, -0.007909383502842022, -9.999556827373285e-5, -0.0001000000009998048,]
translation = [ 6.614159496595527, 32.72748951038425, 569.073834208407,]
rotation = [ 1.71767295817657, 0.6488267098954923, -0.5016758203005118,]
fisheye = true

[metadata]
adjusted = false
error = 1.0
